* A C B E D G F I H K M L N Q P S R T W V Y X Z 
0 1 15.9509701366 -6 -2 8 -7 4 -6 -0.234219939439 -1 5.85925565248 1 10.1690344414 1.76336954038 -5.37710092679 -3.10815607268 1.80070983702 4 -5.11941010888 1.01477148168 2.42405307789 -1 8.56464900609 
1 -1 10.1498016666 -4 -5 1.21772382359 2 4.1117574651 1 0 -7 -2 -10.059484145 8 -7 3.44152456284 -4.93680066583 -4 2 0 9.51777297527 6 -7 8 
15.9509701366 10.1498016666 -6 1 3.00175465956 0.255061454728 4 -3 -3.33347216398 -8 6.80530073207 9 4 9.78342306446 10.7819214066 1 -2 -7 -4.84242381723 1 1 -8.1607459009 7 0 
-6 -4 1 6 11.7822012365 -6.30116667733 0 -11.8687409976 -9 3.94315120724 -12.0183445373 6.61659954262 6 7 9 -9 -5.19317118072 0.385123624759 6 5 -2 3 4 0.430984361629 
-2 -5 3.00175465956 11.7822012365 -22.0777317988 -9.09019011546 1 2 -6.25789897155 2 0 -8.02062532545 -0.79783955726 -1 -7 3 -3.85327338324 7 -3 -8.47530047159 7.79264178849 1 14.2059477014 9 
8 1.21772382359 0.255061454728 -6.30116667733 -9.09019011546 -2 -4 4 5 3 -3 4 6 -4 -9.88382544886 1 5 1 -12.7806765058 4 2 0.138864107404 -5.87775445049 -7 
-7 2 4 0 1 -4 -6 5 5.53148757634 0 -1 -4 3 5 3 9.00454099774 -10.5013703959 -0.391536960103 6 -1 14.3006877232 5 3 -17.3297077688 
4 4.1117574651 -3 -11.8687409976 2 4 5 0 -3.59034358417 -7 -5.50427928819 2 -4 9 6.4661972872 -4 1.50547669442 -9 8.16427337818 -2 8 -2.48542349433 9 -7.09119744809 
-6 1 -3.33347216398 -9 -6.25789897155 5 5.53148757634 -3.59034358417 7 5 -11.6930603499 -3.5270831247 -4 3 8 0 1 1.10540550181 -1 0 -1.74184123194 1 -8.90607162625 -17.0541773249 
-0.234219939439 0 -8 3.94315120724 2 3 0 -7 5 -1 7.09861647986 7.39985148249 3.99967546514 -1 5.65449888088 -8 -6 -7 -2.61993637882 -1 -7 -4 -3 -13.6418456231 
-1 -7 6.80530073207 -12.0183445373 0 -3 -1 -5.50427928819 -11.6930603499 7.09861647986 7 -7 9.09422323768 3.39076868088 -1.94307837082 0.696658547809 2 10.5337126678 4 0 -9 -1.48755640716 6.38357044519 -6 
5.85925565248 -2 9 6.61659954262 -8.02062532545 4 -4 2 -3.5270831247 7.39985148249 -7 -4 -9 1 -2 -2.51260318855 6 8 -6 7 6.18563386287 -5 11.2666594028 9 
1 -10.059484145 4 6 -0.79783955726 6 3 -4 -4 3.99967546514 9.09422323768 -9 6 -1 0 6.98017445531 2 -7 3 -2 -5 -7 -2.7335226243 -3.95839483366 
10.1690344414 8 9.78342306446 7 -1 -4 5 9 3 -1 3.39076868088 1 -1 -3 3 8.82167591448 -1 12.9017372543 -3 8 -10.9891910435 13.1209786933 -3.50433527751 -3 
1.76336954038 -7 10.7819214066 9 -7 -9.88382544886 3 6.4661972872 8 5.65449888088 -1.94307837082 -2 0 3 3.21637524385 1 9 -11.9076890418 4 5 8.73067335004 5.05261649292 -0.620200682608 -6 
-5.37710092679 3.44152456284 1 -9 3 1 9.00454099774 -4 0 -8 0.696658547809 -2.51260318855 6.98017445531 8.82167591448 1 35.0495619069 -7 32.4016377909 -7 -0.938392948756 6 4 -5 7.71124703814 
-3.10815607268 -4.93680066583 -2 -5.19317118072 -3.85327338324 5 -10.5013703959 1.50547669442 1 -6 2 6 2 -1 9 -7 -1.82012649205 0 2 -2.30057341627 -6 -7.35690527041 -6 -1 
1.80070983702 -4 -7 0.385123624759 7 1 -0.391536960103 -9 1.10540550181 -7 10.5337126678 8 -7 12.9017372543 -11.9076890418 32.4016377909 0 6 10.2344496083 4.11930431717 -11.0711595682 5.8125199022 2.12684941178 7 
4 2 -4.84242381723 6 -3 -12.7806765058 6 8.16427337818 -1 -2.61993637882 4 -6 3 -3 4 -7 2 10.2344496083 -25.6302538492 0 -9 0 6 3 
-5.11941010888 0 1 5 -8.47530047159 4 -1 -2 0 -1 0 7 -2 8 5 -0.938392948756 -2.30057341627 4.11930431717 0 5 9 6 5 -4.04047427814 
1.01477148168 9.51777297527 1 -2 7.79264178849 2 14.3006877232 8 -1.74184123194 -7 -9 6.18563386287 -5 -10.9891910435 8.73067335004 6 -6 -11.0711595682 -9 9 -7 -22.0666400895 7 -10.2969547034 
2.42405307789 6 -8.1607459009 3 1 0.138864107404 5 -2.48542349433 1 -4 -1.48755640716 -5 -7 13.1209786933 5.05261649292 4 -7.35690527041 5.8125199022 0 6 -22.0666400895 4 -2.76476483707 -14.2953088262 
-1 -7 7 4 14.2059477014 -5.87775445049 3 9 -8.90607162625 -3 6.38357044519 11.2666594028 -2.7335226243 -3.50433527751 -0.620200682608 -5 -6 2.12684941178 6 5 7 -2.76476483707 8 -4 
8.56464900609 8 0 0.430984361629 9 -7 -17.3297077688 -7.09119744809 -17.0541773249 -13.6418456231 -6 9 -3.95839483366 -3 -6 7.71124703814 -1 7 3 -4.04047427814 -10.2969547034 -14.2953088262 -4 5 

